    00 01 02 03 04 05 06 07 08 09 0A 0B 0C 0D 0E 0F
---------------------------------------------------
00  20 00 53 00 19 00 02 03 01 03 26 02 50 80 00 00 
10  40 24 00 A0 03 80 02 00 FC 00 00 20 1A EB 23 1A 
20  EB 83 41 25 00 00 00 00 00 00 00 00 00 80 06 3B 
30  00 FC 20 C8 CF 41 42 54 07 15 46 04 04 00 00 00 
40  00 00 00 00 00 00 00 00 00 00 18 00 00 00 00 00 
50  00 B0 81 02 00 D0 B6 B5 90 B1 7E 80 BF 0B 00 02 
60  00 00 00 00 00 00 A0 E7 F0 22 22 E0 14 01 00 64 
70  01 00 00 00 00 04 51 49 11 00 00 00 00 00 00 00 
80  00 00 00 00 00 00 00 00 00 00 00 00 00 00 00 51 
90  88 00 30 11 13 00 00 33 33 0A 7D 0E 20 20 F8 0F 
A0  13 00 00 00 00 00 F8 0B 08 08 FF FF D6 1B 00 00 
B0  28 80 00 00 00 00 F0 0D F3 08 60 7C 40 00 00 00 
C0  00 C0 00 CA 00 00 00 00 00 00 00 80 31 02 00 00 
D0  C4 02 00 00 00 00 00 00 00 00 00 00 00 00 00 00 
E0  00 00 00 00 00 00 00 00 00 00 00 00 00 00 00 00 
F0  00 00 00 00 00 00 00 00 00 00 00 00 30 31 34 37 
